$ 1 0.000005 10.20027730826997 50 5 50 5e-11
v 512 368 512 192 0 0 40 8.399999999999999 0 0 0.5
g 512 432 512 464 0 0
r 704 128 704 208 0 1000
r 608 144 608 256 0 10000
r 960 144 960 224 0 10000
r 1072 144 1072 208 0 1000
162 704 224 704 288 2 default-led 1 0 0 0.01
162 1072 224 1072 288 2 default-led 1 0 0 0.01
t 656 336 704 336 0 1 -9.522950145882838 -3.5733626072958256 100 default
t 1024 336 1072 336 0 1 0.607128452425212 0.6574210882897549 100 default
w 512 368 512 432 0
w 512 192 512 96 0
w 512 96 608 96 0
w 608 96 704 96 0
w 704 96 960 80 0
w 960 80 1072 80 0
w 704 432 512 432 0
209 800 256 848 304 0 0.00001 5.292166450297257 0.001 1
209 912 304 784 384 0 0.00001 3.6236552431603686 0.001 1
w 608 256 608 336 0
w 656 336 608 336 0
w 608 144 608 96 0
w 704 128 704 96 0
w 960 144 960 80 0
w 960 224 960 336 0
w 1024 336 960 336 0
w 1072 352 1072 432 0
w 704 432 1072 432 0
w 1072 320 1072 288 0
w 1072 224 1072 208 0
w 1072 144 1072 80 0
w 704 224 704 208 0
w 704 288 704 320 0
w 704 352 704 432 0
w 912 304 1072 288 0
w 848 304 960 336 0
w 704 288 800 256 0
w 784 384 656 384 0
w 656 384 656 336 0
38 0 F1 0 -20 20 -1 Voltage
